Procesando fichero trace.txt

Fichero: trace.txt   ts_init: 433551.248210,  ts_last: 433568.459821,  duracion (ms): 17211.611  nr_lineas: 310095
CPUs totales: 4   PID totales: 1
Granularidad us: 1000 
FILTRANDO:   PIDs:  [29887]

Estadisticas de PID 29887 basename java
-----------------------------------------

    N Frag   Start_ms   Durac_ms       CPUs   Hueco_ms Periodo_ms   Separ_ms Max_Hueco_ms   Laten_ms
         1   2561.792     31.023          2      0.017      0.000      0.000      0.007      0.002
         2   2761.827     37.359          2      0.020    200.035    169.012      0.012      0.002
         3   2977.216     23.298          2      0.016    215.389    178.030      0.008      0.006
         4   3177.580     25.337          3      0.014    200.364    177.066      0.007      0.011
         5   3377.938     26.979          3      0.014    200.358    175.021      0.007      0.006
         6   3577.937     21.057          3      0.012    199.999    173.020      0.006      0.003
         7   3778.006     24.979          3      0.014    200.069    179.012      0.007      0.002
         8   3978.007     26.928          3      0.013    200.001    175.022      0.007      0.006
         9   4177.947     22.913          3      0.013    199.940    173.012      0.006      0.002
        10   4377.890     23.137          2      0.012    199.943    177.030      0.007      0.006
        11   4578.070     26.824          1      0.014    200.180    177.043      0.007      0.011
        12   4777.927     21.105          1      0.015    199.857    173.033      0.007      0.006
        13   4978.051     24.685          1      0.012    200.124    179.019      0.011      0.004
        14   5177.759     26.831          1      0.013    199.708    175.023      0.007      0.006
        15   5377.603     22.779          1      0.015    199.844    173.013      0.007      0.002
        16   5577.394     25.126          1      0.017    199.791    177.012      0.009      0.002
        17   5777.533     20.897          1      0.009    200.139    175.013      0.008      0.002
        18   5977.453     22.999          1      0.014    199.920    179.023      0.007      0.006
        19   6177.471     23.102          1      0.010    200.018    177.019      0.005      0.004
        20   6377.586     26.825          1      0.013    200.115    177.013      0.007      0.003
        21   6577.435     22.940          1      0.014    199.849    173.024      0.007      0.006
        22   6777.397     24.965          1      0.017    199.962    177.022      0.009      0.006
        23   6977.382     27.004          1      0.014    199.985    175.020      0.007      0.006
        24   7177.462     22.935          2      0.015    200.080    173.076      0.007      0.011
        25   7377.409     24.801          2      0.013    199.947    177.012      0.006      0.002
        26   7577.223     26.845          2      0.012    199.814    175.013      0.006      0.003
        27   7777.092     28.958          2      0.012    199.869    173.024      0.006      0.006
        28   7977.081     22.919          2      0.011    199.989    171.031      0.006      0.006
        29   8177.012     25.041          2      0.011    199.931    177.012      0.006      0.002
        30   8377.035     22.968          2      0.015    200.023    174.982      0.007      0.005
        31   8577.024     24.990          2      0.016    199.989    177.021      0.007      0.006
        32   8777.037     26.995          2      0.051    200.013    175.023      0.044      0.006
        33   8977.045     22.665          2      0.014    200.008    173.013      0.007      0.002
        34   9176.733     24.998          2      0.014    199.688    177.023      0.007      0.006
        35   9376.744     20.986          2      0.010    200.011    175.013      0.009      0.003
        36   9576.741     22.951          2      0.009    199.997    179.011      0.008      0.002
        37   9776.712     23.158          2      0.014    199.971    177.020      0.008      0.006
        38   9976.897     26.888          2      0.014    200.185    177.027      0.007      0.006
        39  10176.803     22.860          2      0.015    199.906    173.018      0.007      0.004
        40  10376.685     24.970          2      0.016    199.882    177.022      0.008      0.006
        41  10576.625     25.148          2      0.011    199.940    174.970      0.006      0.005
        42  10776.794     22.849          2      0.014    200.169    175.021      0.007      0.006
        43  10976.654     24.697          2      0.014    199.860    177.011      0.007      0.002
        44  11176.372     26.919          2      0.014    199.718    175.021      0.007      0.006
        45  11376.307     23.031          2      0.014    199.935    173.016      0.007      0.003
        46  11576.350     24.918          2      0.016    200.043    177.012      0.007      0.002
        47  11776.291     25.117          2      0.013    199.941    175.023      0.008      0.006
        48  11976.436     21.467          2      0.012    200.145    175.028      0.006      0.006
        49  12175.918     25.155          2      0.017    199.482    178.015      0.009      0.003
        50  12376.085     27.037          2      0.011    200.167    175.012      0.006      0.002
        51  12576.138     22.826          2      0.015    200.053    173.016      0.007      0.003
        52  12776.001     23.060          2      0.042    199.863    177.037      0.037      0.006
        53  12976.084     26.824          2      0.013    200.083    177.023      0.007      0.006
        54  13175.932     19.276          2      0.014    199.848    173.024      0.007      0.002
        55  13376.216     24.942          2      0.015    200.284    181.008      0.007      0.002
        56  13576.182     26.974          2      0.014    199.966    175.024      0.007      0.006
        57  13776.156     22.716          2      0.020    199.974    173.000      0.011      0.002
        58  13975.880     24.920          1      0.013    199.724    177.008      0.006      0.002
        59  14175.823     27.023          1      0.013    199.943    175.023      0.007      0.006
        60  14375.861     22.956          1      0.019    200.038    173.015      0.009      0.003
        61  14575.848     24.865          1      0.016    199.987    177.031      0.007      0.006
        62  14775.725     26.834          1      0.013    199.877    175.012      0.008      0.002
        63  14975.582     22.733          1      0.014    199.857    173.023      0.007      0.006
        64  15175.329     25.083          1      0.014    199.747    177.014      0.007      0.003
        65  15375.424      0.412          1      0.000    200.095    175.012      0.000      0.002
CPU 0: Exec: 0  Pctg 0%
CPU 1: Exec: 490.629  Duracion: 10797.766  Pct: 4.543801
CPU 2: Exec: 943.105  Duracion: 11237.080  Pct: 8.392794
CPU 3: Exec: 148.113  Duracion: 1023.280  Pct: 14.474337



CPU 1:  Total exec:  490.629    Total_idle:  0.000   Duraction 490.629   Pctg_ocupado: 100.000000

CPU 2:  Total exec:  943.105    Total_idle:  0.000   Duraction 943.105   Pctg_ocupado: 100.000000

CPU 3:  Total exec:  148.113    Total_idle:  0.000   Duraction 148.113   Pctg_ocupado: 100.000000

